Mean ± SD	equalWith
0.306 ± 0.01	48
0.305 ± 0.01	75
0.306 ± 0.011	48
0.306 ± 0.011	48
0.304 ± 0.009	78
0.305 ± 0.009	75
0.302 ± 0.011	21
0.305 ± 0.009	75
0.303 ± 0.01	52
0.305 ± 0.011	75
0.305 ± 0.012	75
0.305 ± 0.011	75
0.304 ± 0.011	78
0.304 ± 0.01	78
0.304 ± 0.011	78
0.304 ± 0.011	78
0.303 ± 0.011	52
0.305 ± 0.01	75
0.305 ± 0.011	75
0.302 ± 0.01	21
0.304 ± 0.01	78
0.303 ± 0.01	52
0.303 ± 0.011	52
0.303 ± 0.01	52
0.302 ± 0.011	21
0.304 ± 0.011	78
0.303 ± 0.011	52
0.304 ± 0.01	78
0.305 ± 0.011	75
0.304 ± 0.01	78
0.306 ± 0.011	48
0.305 ± 0.012	75
0.305 ± 0.009	75
0.305 ± 0.011	75
0.307 ± 0.011	16
0.304 ± 0.011	78
0.303 ± 0.01	52
0.303 ± 0.012	52
0.305 ± 0.009	75
0.304 ± 0.011	78
0.307 ± 0.01	16
0.303 ± 0.011	52
0.304 ± 0.01	78
0.303 ± 0.01	52
0.305 ± 0.01	75
0.306 ± 0.011	48
0.304 ± 0.011	78
0.306 ± 0.011	48
0.304 ± 0.011	78
0.302 ± 0.01	21
0.305 ± 0.01	75
0.306 ± 0.01	48
0.305 ± 0.011	75
0.302 ± 0.011	21
0.307 ± 0.01	16
0.304 ± 0.009	78
0.304 ± 0.011	78
0.304 ± 0.01	78
0.304 ± 0.009	78
0.305 ± 0.01	75
0.305 ± 0.012	75
0.304 ± 0.011	78
0.304 ± 0.011	78
0.305 ± 0.011	75
0.304 ± 0.009	78
0.305 ± 0.011	75
0.302 ± 0.011	21
0.304 ± 0.011	78
0.305 ± 0.011	75
0.305 ± 0.01	75
0.306 ± 0.011	48
0.304 ± 0.01	78
0.304 ± 0.009	78
0.305 ± 0.011	75
0.304 ± 0.01	78
0.306 ± 0.01	48
0.304 ± 0.01	78
0.305 ± 0.011	75
0.306 ± 0.01	48
0.305 ± 0.01	75
0.305 ± 0.012	75
0.305 ± 0.011	75
0.304 ± 0.01	78
0.304 ± 0.01	78
0.306 ± 0.011	48
0.303 ± 0.011	52
0.303 ± 0.01	52
0.303 ± 0.012	52
0.304 ± 0.011	78
0.304 ± 0.01	78
0.307 ± 0.012	16
0.303 ± 0.01	52
0.306 ± 0.01	48
0.303 ± 0.01	52
0.305 ± 0.01	75
0.305 ± 0.01	75
0.305 ± 0.009	75
0.304 ± 0.009	78
0.305 ± 0.01	75
0.305 ± 0.011	75
