Mean ± SD	equalWith
42.451 ± 0.891	73
42.492 ± 0.887	59
42.387 ± 0.922	86
42.416 ± 0.854	81
42.269 ± 0.816	65
42.249 ± 0.889	60
42.388 ± 0.799	86
42.384 ± 0.74	87
42.262 ± 0.848	64
42.331 ± 0.936	83
42.283 ± 0.884	72
42.368 ± 0.843	92
42.408 ± 0.82	82
42.475 ± 0.84	67
42.234 ± 0.837	57
42.567 ± 0.791	28
42.523 ± 0.79	44
42.298 ± 0.907	76
42.356 ± 0.819	89
42.501 ± 0.821	54
42.356 ± 0.853	89
42.437 ± 0.872	77
42.398 ± 0.75	86
42.363 ± 0.92	90
42.447 ± 0.873	74
42.255 ± 0.842	60
42.362 ± 0.785	90
42.31 ± 0.864	79
42.416 ± 0.87	81
42.543 ± 0.874	38
42.418 ± 0.818	81
42.169 ± 0.881	28
42.421 ± 0.826	80
42.257 ± 0.888	62
42.333 ± 0.902	84
42.32 ± 0.927	79
42.316 ± 0.869	79
42.486 ± 0.754	63
42.377 ± 0.92	89
42.477 ± 0.889	66
42.306 ± 0.8	79
42.279 ± 0.943	71
42.384 ± 0.83	87
42.495 ± 0.913	58
42.273 ± 0.784	68
42.327 ± 0.897	82
42.405 ± 0.844	82
42.377 ± 0.862	89
42.313 ± 0.817	80
42.451 ± 0.901	73
42.45 ± 0.846	73
42.304 ± 0.857	79
42.427 ± 0.857	80
42.347 ± 0.91	89
42.348 ± 0.893	89
42.261 ± 0.754	63
42.225 ± 0.895	51
42.464 ± 0.92	69
42.596 ± 0.893	22
42.348 ± 0.787	89
42.343 ± 0.754	87
42.291 ± 0.909	75
42.378 ± 1.019	89
42.404 ± 0.799	84
42.252 ± 0.782	60
42.292 ± 0.836	75
42.268 ± 0.908	65
42.374 ± 0.902	89
42.228 ± 0.914	51
42.427 ± 0.894	80
42.278 ± 0.909	70
42.448 ± 0.963	75
42.311 ± 0.907	79
42.392 ± 0.904	87
42.165 ± 0.869	26
42.338 ± 0.814	86
42.347 ± 0.809	89
42.358 ± 0.898	89
42.389 ± 0.934	86
42.404 ± 0.887	84
42.253 ± 0.986	60
42.356 ± 0.948	89
42.26 ± 0.906	62
42.467 ± 0.873	70
42.569 ± 0.92	28
42.395 ± 0.985	86
42.453 ± 0.783	73
42.381 ± 0.824	88
42.339 ± 0.921	87
42.48 ± 0.852	65
42.471 ± 0.81	69
42.349 ± 0.884	89
42.595 ± 0.786	22
42.527 ± 0.984	42
42.304 ± 0.91	79
42.479 ± 0.887	65
42.393 ± 0.801	87
42.238 ± 0.805	57
42.466 ± 0.839	70
42.341 ± 0.908	87
