Mean ± SD	equalWith
0.671 ± 0.028	22
0.663 ± 0.027	229
0.664 ± 0.026	212
0.657 ± 0.027	86
0.667 ± 0.032	130
0.668 ± 0.03	88
0.661 ± 0.027	207
0.666 ± 0.03	165
0.665 ± 0.027	192
0.662 ± 0.029	223
0.659 ± 0.025	163
0.666 ± 0.027	165
0.661 ± 0.025	207
0.662 ± 0.028	223
0.661 ± 0.024	207
0.66 ± 0.029	186
0.66 ± 0.026	186
0.659 ± 0.03	163
0.665 ± 0.027	192
0.665 ± 0.027	192
0.66 ± 0.026	186
0.662 ± 0.026	223
0.663 ± 0.027	229
0.665 ± 0.028	192
0.661 ± 0.026	207
0.664 ± 0.026	212
0.663 ± 0.026	229
0.666 ± 0.031	165
0.662 ± 0.029	223
0.664 ± 0.029	212
0.667 ± 0.029	130
0.662 ± 0.028	223
0.659 ± 0.028	163
0.663 ± 0.026	229
0.662 ± 0.028	223
0.659 ± 0.026	163
0.661 ± 0.029	207
0.663 ± 0.026	229
0.666 ± 0.029	165
0.662 ± 0.026	223
0.661 ± 0.031	207
0.662 ± 0.031	223
0.66 ± 0.027	186
0.659 ± 0.025	163
0.664 ± 0.027	212
0.66 ± 0.027	186
0.665 ± 0.029	192
0.662 ± 0.025	223
0.66 ± 0.03	186
0.656 ± 0.025	57
0.659 ± 0.026	163
0.662 ± 0.03	223
0.663 ± 0.027	229
0.662 ± 0.027	223
0.66 ± 0.026	186
0.663 ± 0.029	229
0.659 ± 0.032	163
0.655 ± 0.027	34
0.659 ± 0.028	163
0.665 ± 0.026	192
0.662 ± 0.031	223
0.659 ± 0.029	163
0.662 ± 0.029	223
0.662 ± 0.029	223
0.663 ± 0.026	229
0.661 ± 0.026	207
0.662 ± 0.025	223
0.658 ± 0.03	122
0.659 ± 0.026	163
0.667 ± 0.028	130
0.659 ± 0.027	163
0.664 ± 0.032	212
0.663 ± 0.03	229
0.661 ± 0.025	207
0.663 ± 0.027	229
0.663 ± 0.029	229
0.667 ± 0.027	130
0.662 ± 0.027	223
0.665 ± 0.028	192
0.663 ± 0.03	229
0.661 ± 0.027	207
0.666 ± 0.033	165
0.666 ± 0.024	165
0.663 ± 0.026	229
0.663 ± 0.028	229
0.665 ± 0.032	192
0.668 ± 0.027	88
0.666 ± 0.029	165
0.661 ± 0.028	207
0.662 ± 0.029	223
0.665 ± 0.026	192
0.663 ± 0.025	229
0.663 ± 0.026	229
0.659 ± 0.029	163
0.658 ± 0.031	122
0.666 ± 0.028	165
0.664 ± 0.028	212
0.66 ± 0.029	186
0.661 ± 0.032	207
0.664 ± 0.027	212
0.664 ± 0.031	212
0.667 ± 0.026	130
0.663 ± 0.028	229
0.657 ± 0.028	86
0.663 ± 0.025	229
0.66 ± 0.032	186
0.663 ± 0.029	229
0.659 ± 0.026	163
0.661 ± 0.027	207
0.66 ± 0.03	186
0.664 ± 0.029	212
0.667 ± 0.027	130
0.661 ± 0.029	207
0.662 ± 0.027	223
0.666 ± 0.025	165
0.663 ± 0.029	229
0.666 ± 0.027	165
0.664 ± 0.029	212
0.665 ± 0.029	192
0.664 ± 0.029	212
0.662 ± 0.029	223
0.66 ± 0.027	186
0.662 ± 0.028	223
0.656 ± 0.027	57
0.657 ± 0.029	86
0.664 ± 0.029	212
0.665 ± 0.028	192
0.662 ± 0.028	223
0.666 ± 0.024	165
0.666 ± 0.025	165
0.663 ± 0.026	229
0.663 ± 0.025	229
0.661 ± 0.028	207
0.659 ± 0.03	163
0.662 ± 0.029	223
0.668 ± 0.027	88
0.667 ± 0.03	130
0.665 ± 0.028	192
0.663 ± 0.028	229
0.659 ± 0.026	163
0.66 ± 0.028	186
0.662 ± 0.029	223
0.661 ± 0.025	207
0.662 ± 0.031	223
0.662 ± 0.024	223
0.659 ± 0.026	163
0.663 ± 0.029	229
0.662 ± 0.025	223
0.666 ± 0.028	165
0.662 ± 0.03	223
0.663 ± 0.025	229
0.66 ± 0.024	186
0.664 ± 0.027	212
0.666 ± 0.027	165
0.654 ± 0.027	12
0.661 ± 0.028	207
0.664 ± 0.027	212
0.663 ± 0.026	229
0.663 ± 0.029	229
0.664 ± 0.031	212
0.662 ± 0.029	223
0.659 ± 0.023	163
0.661 ± 0.024	207
0.663 ± 0.027	229
0.666 ± 0.027	165
0.662 ± 0.028	223
0.659 ± 0.026	163
0.661 ± 0.026	207
0.664 ± 0.027	212
0.66 ± 0.027	186
0.666 ± 0.032	165
0.661 ± 0.029	207
0.666 ± 0.029	165
0.666 ± 0.026	165
0.66 ± 0.027	186
0.665 ± 0.03	192
0.663 ± 0.025	229
0.665 ± 0.028	192
0.662 ± 0.026	223
0.665 ± 0.025	192
0.659 ± 0.025	163
0.664 ± 0.027	212
0.659 ± 0.026	163
0.663 ± 0.025	229
0.661 ± 0.026	207
0.66 ± 0.028	186
0.665 ± 0.026	192
0.664 ± 0.025	212
0.664 ± 0.028	212
0.664 ± 0.028	212
0.658 ± 0.027	122
0.669 ± 0.029	64
0.664 ± 0.029	212
0.664 ± 0.028	212
0.663 ± 0.026	229
0.669 ± 0.027	64
0.665 ± 0.027	192
0.661 ± 0.025	207
0.666 ± 0.027	165
0.659 ± 0.029	163
0.661 ± 0.028	207
0.666 ± 0.029	165
0.661 ± 0.027	207
0.662 ± 0.03	223
0.666 ± 0.032	165
0.661 ± 0.029	207
0.666 ± 0.028	165
0.664 ± 0.027	212
0.667 ± 0.031	130
0.658 ± 0.024	122
0.668 ± 0.028	88
0.663 ± 0.028	229
0.664 ± 0.028	212
0.662 ± 0.028	223
0.658 ± 0.03	122
0.663 ± 0.027	229
0.662 ± 0.027	223
0.664 ± 0.026	212
0.661 ± 0.029	207
0.66 ± 0.027	186
0.662 ± 0.027	223
0.662 ± 0.027	223
0.661 ± 0.027	207
0.662 ± 0.026	223
0.663 ± 0.03	229
0.663 ± 0.028	229
0.667 ± 0.025	130
0.663 ± 0.027	229
0.659 ± 0.027	163
0.661 ± 0.029	207
0.664 ± 0.028	212
0.666 ± 0.028	165
0.661 ± 0.026	207
0.66 ± 0.026	186
0.66 ± 0.029	186
0.66 ± 0.026	186
0.668 ± 0.027	88
0.66 ± 0.028	186
0.663 ± 0.027	229
0.663 ± 0.026	229
0.662 ± 0.029	223
0.664 ± 0.023	212
0.662 ± 0.03	223
0.661 ± 0.027	207
0.666 ± 0.024	165
0.665 ± 0.024	192
0.665 ± 0.028	192
0.669 ± 0.03	64
0.665 ± 0.03	192
0.66 ± 0.026	186
