Mean ± SD	equalWith
29.181 ± 0.902	108
29.459 ± 0.97	166
29.309 ± 0.883	213
29.511 ± 1.008	115
29.436 ± 0.94	176
29.345 ± 0.888	221
29.45 ± 0.967	171
29.229 ± 0.917	155
29.327 ± 0.981	217
29.426 ± 0.86	186
29.359 ± 0.85	221
29.384 ± 1.061	211
29.175 ± 0.936	103
29.27 ± 0.902	193
29.286 ± 0.832	204
29.251 ± 0.948	179
29.398 ± 0.828	205
29.386 ± 0.907	211
29.326 ± 0.823	215
29.331 ± 0.871	216
29.348 ± 0.873	220
29.184 ± 0.814	113
29.38 ± 0.824	213
29.396 ± 0.848	207
29.23 ± 0.944	155
29.352 ± 0.957	220
29.191 ± 1.015	122
29.267 ± 1.045	191
29.227 ± 0.932	152
29.392 ± 0.879	209
29.286 ± 0.842	204
29.26 ± 0.877	185
29.539 ± 1.006	85
29.336 ± 0.805	219
29.457 ± 0.911	167
29.257 ± 0.927	184
29.333 ± 0.927	217
29.23 ± 0.849	155
29.427 ± 0.931	186
29.572 ± 0.969	60
29.327 ± 0.827	217
29.481 ± 1.018	145
29.348 ± 0.825	220
29.445 ± 0.889	170
29.294 ± 0.993	209
29.386 ± 0.894	211
29.317 ± 0.814	218
29.412 ± 1.012	196
29.479 ± 0.91	146
29.461 ± 0.862	164
29.253 ± 0.889	182
29.36 ± 0.968	220
29.299 ± 0.951	211
29.451 ± 0.824	171
29.482 ± 0.937	144
29.326 ± 0.89	215
29.422 ± 0.983	190
29.425 ± 0.887	188
29.34 ± 0.971	218
29.36 ± 0.955	220
29.362 ± 0.947	220
29.47 ± 0.961	153
29.369 ± 0.993	214
29.197 ± 0.852	124
29.328 ± 1.01	218
29.353 ± 0.913	221
29.43 ± 0.934	181
29.443 ± 0.798	170
29.25 ± 0.978	179
29.217 ± 0.895	146
29.43 ± 0.922	181
29.408 ± 0.973	198
29.385 ± 0.844	211
29.162 ± 0.875	88
29.609 ± 0.923	31
29.422 ± 0.858	190
29.315 ± 0.902	217
29.372 ± 0.949	214
29.08 ± 0.89	34
29.344 ± 0.961	221
29.221 ± 0.881	149
29.446 ± 0.936	171
29.237 ± 0.791	160
29.148 ± 1.005	83
29.394 ± 0.853	207
29.115 ± 0.945	65
29.364 ± 0.992	219
29.306 ± 0.992	213
29.316 ± 0.879	217
29.337 ± 0.982	219
29.38 ± 0.817	213
29.259 ± 0.913	185
29.21 ± 0.92	139
29.485 ± 0.799	143
29.505 ± 0.815	118
29.365 ± 0.899	219
29.449 ± 0.959	171
29.381 ± 0.996	213
29.441 ± 0.939	171
29.46 ± 0.962	164
29.289 ± 0.888	205
29.235 ± 0.951	159
29.392 ± 0.998	209
29.436 ± 0.861	176
29.163 ± 0.959	92
29.425 ± 0.954	188
29.337 ± 0.958	219
29.425 ± 0.97	188
29.482 ± 0.903	144
29.412 ± 0.991	196
29.426 ± 0.899	186
29.063 ± 0.933	25
29.385 ± 0.907	211
29.39 ± 0.981	208
29.262 ± 0.827	188
29.383 ± 0.957	211
29.422 ± 0.931	190
29.334 ± 0.891	218
29.215 ± 0.921	143
29.306 ± 0.968	213
29.342 ± 0.966	220
29.222 ± 0.919	149
29.363 ± 0.995	219
29.48 ± 0.927	145
29.479 ± 0.98	146
29.308 ± 0.914	213
29.469 ± 0.951	155
29.253 ± 0.926	182
29.171 ± 0.832	99
29.439 ± 0.768	172
29.258 ± 0.891	184
29.502 ± 0.969	122
29.345 ± 0.868	221
29.392 ± 0.982	209
29.315 ± 0.901	217
29.35 ± 0.959	220
29.27 ± 0.933	193
29.252 ± 0.826	180
29.167 ± 0.911	96
29.419 ± 0.795	192
29.329 ± 0.986	218
29.159 ± 0.919	86
29.337 ± 0.928	219
29.536 ± 0.984	91
29.347 ± 0.921	221
29.589 ± 0.982	44
29.339 ± 0.772	218
29.442 ± 0.979	170
29.34 ± 0.926	218
29.414 ± 0.906	194
29.208 ± 0.976	138
29.299 ± 0.967	211
29.379 ± 0.897	213
29.218 ± 0.969	146
29.483 ± 0.902	144
29.337 ± 0.955	219
29.392 ± 1.043	209
29.235 ± 0.916	159
29.397 ± 0.986	206
29.388 ± 0.847	209
29.267 ± 1.053	191
29.346 ± 0.849	221
29.217 ± 0.783	146
29.308 ± 0.984	213
29.39 ± 0.971	208
29.175 ± 0.89	103
29.398 ± 0.926	205
29.356 ± 0.919	220
29.351 ± 0.994	220
29.368 ± 0.899	215
29.254 ± 0.966	182
29.266 ± 0.971	190
29.337 ± 0.976	219
29.265 ± 0.911	190
29.264 ± 0.97	190
29.259 ± 0.837	185
29.266 ± 0.96	190
29.398 ± 0.924	205
29.251 ± 0.938	179
29.54 ± 1.012	85
29.211 ± 0.967	140
29.38 ± 0.916	213
29.421 ± 1.058	191
29.438 ± 0.997	173
29.323 ± 0.938	215
29.14 ± 0.874	75
29.179 ± 0.946	107
29.243 ± 0.937	163
29.294 ± 0.854	209
29.324 ± 0.905	215
29.384 ± 0.879	211
29.251 ± 0.874	179
29.313 ± 0.841	216
29.423 ± 0.971	190
29.259 ± 1.012	185
29.264 ± 1.014	190
29.265 ± 0.945	190
29.54 ± 0.838	85
29.395 ± 0.867	207
29.414 ± 0.827	194
29.227 ± 1.004	152
29.281 ± 0.935	202
29.256 ± 1.071	184
29.39 ± 0.871	208
29.264 ± 0.903	190
29.289 ± 0.835	205
29.291 ± 0.867	208
29.25 ± 0.906	179
29.488 ± 1.043	140
29.338 ± 0.933	219
29.605 ± 0.962	33
29.325 ± 0.981	215
29.365 ± 0.834	219
29.297 ± 1.006	209
29.398 ± 0.96	205
29.353 ± 0.864	221
29.416 ± 0.885	193
29.454 ± 0.89	169
29.38 ± 0.884	213
29.28 ± 0.947	202
29.203 ± 0.991	132
29.398 ± 0.892	205
29.395 ± 0.912	207
29.379 ± 0.957	213
29.404 ± 0.914	202
29.476 ± 0.851	147
29.33 ± 0.848	218
29.316 ± 0.926	217
29.434 ± 0.969	178
29.132 ± 0.875	74
29.489 ± 0.897	140
29.534 ± 0.857	96
29.503 ± 0.871	121
29.423 ± 1.055	190
29.509 ± 1.04	117
29.271 ± 0.952	193
29.29 ± 0.996	207
29.458 ± 1.055	167
29.312 ± 0.912	216
29.375 ± 0.977	214
29.405 ± 0.906	202
29.331 ± 0.897	216
29.329 ± 1.0	218
29.304 ± 0.811	212
29.216 ± 0.828	146
29.264 ± 1.023	190
29.412 ± 0.913	196
29.365 ± 0.898	219
29.257 ± 1.024	184
29.414 ± 1.011	194
