Mean ± SD	equalWith
20.85 ± 1.071	404
20.567 ± 0.925	145
20.709 ± 0.938	410
20.874 ± 1.048	371
20.895 ± 0.995	335
20.582 ± 0.93	163
20.837 ± 0.884	425
20.925 ± 0.931	275
20.92 ± 0.894	287
20.815 ± 1.0	447
20.615 ± 0.868	230
20.831 ± 0.946	434
20.828 ± 1.014	439
20.784 ± 0.905	452
20.739 ± 1.117	428
20.601 ± 0.917	201
20.838 ± 0.982	424
20.863 ± 0.994	392
20.814 ± 0.895	447
20.877 ± 0.964	366
20.835 ± 0.808	426
20.765 ± 0.916	442
20.696 ± 1.019	388
20.831 ± 0.913	434
20.484 ± 0.959	35
20.806 ± 0.95	454
20.748 ± 0.953	430
20.595 ± 0.912	195
20.655 ± 0.95	300
20.849 ± 1.005	406
20.72 ± 0.979	417
20.801 ± 1.097	457
20.907 ± 0.911	315
20.685 ± 0.883	370
20.817 ± 0.867	446
20.75 ± 1.015	431
20.774 ± 0.953	449
20.909 ± 0.961	309
20.564 ± 0.858	144
20.795 ± 0.943	457
20.839 ± 1.091	421
20.76 ± 0.916	438
20.725 ± 1.054	418
20.834 ± 1.018	429
20.792 ± 0.821	456
20.807 ± 1.037	454
20.789 ± 1.026	456
20.806 ± 0.966	454
20.814 ± 0.944	447
20.609 ± 0.837	217
20.759 ± 1.004	438
20.827 ± 1.038	439
20.765 ± 1.04	442
20.655 ± 1.02	300
20.671 ± 1.065	336
20.925 ± 0.949	275
20.565 ± 0.982	144
20.678 ± 0.884	353
20.717 ± 0.899	416
20.79 ± 0.957	456
20.662 ± 0.909	316
20.779 ± 0.979	453
20.696 ± 0.976	388
20.794 ± 0.919	456
21.087 ± 1.037	30
20.819 ± 0.921	443
20.768 ± 0.9	444
20.809 ± 0.951	453
20.821 ± 0.957	443
20.781 ± 0.999	453
20.723 ± 0.897	417
20.769 ± 1.001	445
20.795 ± 0.849	457
20.835 ± 1.025	426
20.682 ± 1.016	359
20.758 ± 0.903	436
20.789 ± 0.891	456
20.909 ± 0.967	309
20.899 ± 0.957	329
20.815 ± 0.893	447
20.633 ± 0.904	262
20.725 ± 0.915	418
20.921 ± 1.056	284
20.929 ± 0.964	269
20.904 ± 0.878	322
20.827 ± 0.921	439
20.884 ± 0.972	354
20.815 ± 0.89	447
20.905 ± 0.912	319
20.589 ± 0.973	175
20.925 ± 1.039	275
20.731 ± 1.036	422
20.622 ± 1.003	250
20.886 ± 1.061	351
20.718 ± 0.984	417
20.93 ± 0.931	266
20.836 ± 0.979	425
20.792 ± 0.855	456
21.011 ± 0.9	108
20.771 ± 0.954	447
20.789 ± 0.854	456
20.731 ± 0.895	422
20.758 ± 0.965	436
20.755 ± 1.002	433
20.961 ± 0.967	210
20.689 ± 0.898	374
20.876 ± 0.887	367
20.803 ± 0.902	455
20.887 ± 1.056	348
20.796 ± 0.987	457
20.797 ± 0.989	457
20.667 ± 1.046	329
20.842 ± 0.955	414
20.912 ± 1.023	305
20.788 ± 0.882	457
20.887 ± 0.961	348
20.735 ± 1.07	423
20.813 ± 1.012	447
20.684 ± 0.972	369
20.828 ± 0.896	439
20.934 ± 0.982	260
20.752 ± 0.956	431
20.83 ± 0.957	438
20.914 ± 0.935	296
20.844 ± 0.892	413
20.755 ± 1.074	433
20.853 ± 0.939	402
20.631 ± 1.007	256
20.908 ± 0.883	312
20.757 ± 0.997	435
20.817 ± 0.969	446
20.74 ± 0.832	428
20.749 ± 0.941	431
20.91 ± 0.924	308
20.723 ± 0.964	417
20.846 ± 0.833	410
20.678 ± 0.968	353
20.748 ± 1.016	430
20.59 ± 0.937	177
20.805 ± 0.974	454
20.876 ± 0.816	367
20.809 ± 0.876	453
20.806 ± 0.905	454
20.758 ± 0.96	436
20.749 ± 0.992	431
20.82 ± 0.911	443
20.682 ± 0.843	359
20.55 ± 1.021	117
21.066 ± 0.894	50
20.885 ± 0.914	352
20.759 ± 0.847	438
20.943 ± 1.081	250
20.708 ± 0.958	405
20.744 ± 0.937	433
20.761 ± 0.968	440
20.858 ± 0.918	394
20.678 ± 0.792	353
20.563 ± 0.977	143
20.836 ± 0.966	425
20.843 ± 1.045	413
20.661 ± 0.991	314
20.636 ± 1.012	267
20.75 ± 0.987	431
20.946 ± 0.84	246
20.883 ± 0.949	356
20.713 ± 0.99	413
20.639 ± 1.033	270
20.682 ± 0.993	359
20.813 ± 0.867	447
20.852 ± 0.886	402
20.685 ± 0.977	370
20.586 ± 0.986	170
20.693 ± 1.001	384
20.843 ± 0.985	413
20.837 ± 0.93	425
20.78 ± 1.135	453
20.715 ± 0.952	412
20.709 ± 0.933	410
20.723 ± 1.033	417
20.798 ± 0.992	457
20.78 ± 0.848	453
20.804 ± 0.886	454
20.695 ± 1.0	385
20.713 ± 0.857	413
20.726 ± 1.032	418
20.679 ± 0.987	353
20.752 ± 1.033	431
20.879 ± 0.865	361
20.912 ± 0.947	305
20.837 ± 0.928	425
20.959 ± 1.073	221
20.748 ± 0.998	430
20.737 ± 0.893	425
20.955 ± 0.957	227
20.844 ± 1.036	413
20.796 ± 0.938	457
20.742 ± 0.994	431
20.764 ± 0.953	442
21.089 ± 0.998	30
20.783 ± 1.113	454
20.671 ± 1.022	336
20.787 ± 0.888	457
20.671 ± 0.982	336
20.789 ± 1.024	456
20.9 ± 0.975	327
20.855 ± 1.011	399
20.869 ± 1.14	379
20.814 ± 0.86	447
20.673 ± 1.012	343
20.763 ± 0.884	441
20.937 ± 0.86	254
20.925 ± 0.99	275
20.758 ± 0.996	436
21.015 ± 0.922	105
20.809 ± 0.904	453
20.901 ± 0.987	326
20.848 ± 0.913	406
20.744 ± 0.861	433
20.851 ± 0.861	403
20.845 ± 0.926	411
20.882 ± 0.911	357
20.858 ± 0.901	394
20.83 ± 0.784	438
20.625 ± 1.033	252
20.775 ± 0.944	450
20.762 ± 1.011	441
20.681 ± 0.909	359
20.68 ± 0.996	357
20.806 ± 0.978	454
20.714 ± 0.989	412
20.795 ± 1.022	457
20.829 ± 0.937	439
20.831 ± 0.961	434
20.747 ± 0.862	431
20.692 ± 1.08	383
20.759 ± 0.877	438
20.845 ± 0.975	411
20.533 ± 0.885	94
20.706 ± 0.877	404
20.754 ± 0.866	432
20.721 ± 0.982	416
20.692 ± 0.982	383
20.825 ± 0.838	440
20.771 ± 0.93	447
20.826 ± 1.013	440
20.724 ± 0.911	417
20.827 ± 0.964	439
20.799 ± 0.9	456
20.896 ± 0.921	335
20.896 ± 0.904	335
20.679 ± 0.914	353
20.839 ± 0.932	421
20.942 ± 0.944	250
20.939 ± 0.98	252
20.719 ± 0.917	417
20.586 ± 0.969	170
20.696 ± 0.842	388
20.757 ± 0.898	435
20.735 ± 1.042	423
20.806 ± 0.894	454
20.67 ± 0.981	336
20.756 ± 0.928	434
20.936 ± 0.884	255
20.772 ± 1.007	449
20.819 ± 0.905	443
20.763 ± 0.95	441
20.888 ± 1.014	347
20.751 ± 0.941	429
20.834 ± 0.874	429
20.796 ± 0.94	457
20.66 ± 0.955	314
20.774 ± 1.04	449
20.741 ± 1.006	430
20.762 ± 0.909	441
20.908 ± 0.945	312
20.705 ± 0.975	402
20.671 ± 0.961	336
20.708 ± 1.001	405
20.781 ± 1.027	453
20.934 ± 1.047	260
20.741 ± 0.985	430
20.826 ± 0.953	440
20.818 ± 0.876	446
20.68 ± 0.946	357
20.76 ± 1.002	438
20.841 ± 0.898	416
21.093 ± 0.95	27
20.69 ± 1.007	375
20.767 ± 0.875	443
20.75 ± 0.955	431
20.968 ± 0.982	192
20.836 ± 0.787	425
20.749 ± 0.945	431
20.762 ± 0.933	441
20.877 ± 1.013	366
20.836 ± 0.862	425
20.694 ± 0.98	385
20.687 ± 1.011	372
20.925 ± 0.86	275
20.686 ± 0.956	372
20.678 ± 0.931	353
20.665 ± 0.923	323
20.737 ± 0.929	425
20.817 ± 0.992	446
20.819 ± 0.888	443
20.797 ± 0.951	457
20.658 ± 1.033	310
20.736 ± 0.913	426
20.934 ± 0.899	260
20.839 ± 0.937	421
20.934 ± 0.902	260
20.666 ± 1.012	325
20.888 ± 1.039	347
20.819 ± 0.988	443
20.611 ± 1.072	220
20.643 ± 1.045	280
20.873 ± 0.946	372
20.84 ± 0.9	420
20.864 ± 0.892	390
20.911 ± 0.926	306
20.66 ± 1.027	314
20.713 ± 1.072	413
20.913 ± 0.752	301
20.748 ± 0.932	430
20.757 ± 0.871	435
20.586 ± 0.991	170
20.899 ± 1.026	329
20.753 ± 0.847	432
20.783 ± 0.979	454
20.812 ± 0.895	449
20.628 ± 0.921	256
20.695 ± 0.883	385
20.84 ± 0.947	420
20.837 ± 0.96	425
20.795 ± 0.894	457
20.868 ± 0.914	380
20.732 ± 0.975	422
20.764 ± 0.9	442
20.715 ± 0.835	412
20.79 ± 1.02	456
20.709 ± 0.987	410
20.652 ± 0.966	294
20.808 ± 0.913	454
20.713 ± 1.008	413
20.651 ± 0.961	293
20.83 ± 0.832	438
20.725 ± 0.993	418
20.644 ± 0.962	281
20.758 ± 1.039	436
20.856 ± 0.887	397
20.501 ± 0.842	47
20.99 ± 0.989	147
20.762 ± 0.989	441
20.693 ± 1.038	384
20.747 ± 0.858	431
20.81 ± 1.012	452
20.674 ± 0.92	348
20.751 ± 0.837	429
20.951 ± 0.994	240
20.724 ± 1.021	417
20.739 ± 0.87	428
20.791 ± 0.983	456
20.802 ± 1.021	457
20.747 ± 0.947	431
20.711 ± 0.926	412
20.789 ± 1.058	456
20.867 ± 0.901	382
20.814 ± 0.956	447
20.819 ± 0.992	443
20.851 ± 1.01	403
20.629 ± 0.899	256
20.746 ± 1.016	433
20.642 ± 0.978	280
20.742 ± 0.932	431
20.793 ± 1.051	456
20.673 ± 0.947	343
20.735 ± 0.91	423
20.681 ± 0.924	359
20.661 ± 0.853	314
20.959 ± 0.932	221
20.715 ± 0.946	412
20.824 ± 0.908	442
20.697 ± 0.965	390
20.769 ± 0.925	445
20.75 ± 0.89	431
20.931 ± 0.995	264
20.863 ± 0.974	392
20.982 ± 0.82	162
20.701 ± 1.072	397
20.685 ± 0.973	370
20.631 ± 0.93	256
20.766 ± 0.935	443
20.692 ± 0.978	383
20.564 ± 0.917	144
20.953 ± 0.844	232
20.868 ± 1.03	380
20.839 ± 0.83	421
20.778 ± 0.958	453
20.87 ± 0.959	379
20.757 ± 0.824	435
20.711 ± 1.044	412
20.654 ± 0.916	296
20.837 ± 1.05	425
20.675 ± 0.862	350
20.813 ± 1.092	447
20.701 ± 1.006	397
20.934 ± 0.942	260
20.847 ± 0.894	408
20.751 ± 1.019	429
20.717 ± 0.949	416
20.745 ± 0.918	432
20.725 ± 0.917	418
20.781 ± 0.886	453
20.71 ± 0.925	411
20.597 ± 0.89	195
20.823 ± 0.949	442
20.966 ± 1.093	200
20.859 ± 0.984	393
20.832 ± 0.976	431
20.658 ± 0.919	310
20.752 ± 0.962	431
20.952 ± 1.072	235
20.769 ± 0.881	445
20.699 ± 1.034	394
20.664 ± 0.869	320
20.819 ± 1.086	443
20.789 ± 0.945	456
20.865 ± 1.059	387
20.855 ± 0.992	399
20.792 ± 0.91	456
20.807 ± 0.876	454
20.755 ± 0.985	433
20.796 ± 0.951	457
20.904 ± 0.799	322
20.796 ± 0.972	457
20.821 ± 0.826	443
20.722 ± 0.992	416
20.834 ± 0.922	429
20.875 ± 0.909	368
20.765 ± 0.892	442
20.689 ± 0.909	374
20.734 ± 0.985	423
20.677 ± 0.928	352
20.827 ± 0.884	439
20.839 ± 0.851	421
20.787 ± 0.973	457
20.667 ± 1.045	329
20.626 ± 0.95	254
20.828 ± 0.982	439
20.799 ± 0.921	456
20.835 ± 0.917	426
20.792 ± 1.014	456
20.706 ± 0.964	404
20.658 ± 0.868	310
20.679 ± 0.97	353
20.903 ± 0.992	323
20.775 ± 0.928	450
20.865 ± 0.952	387
20.634 ± 0.939	265
20.74 ± 0.854	428
20.946 ± 0.972	246
20.682 ± 0.941	359
20.929 ± 0.907	269
20.909 ± 0.901	309
20.817 ± 0.939	446
20.901 ± 0.961	326
20.829 ± 1.021	439
20.902 ± 1.005	324
20.923 ± 1.128	278
20.878 ± 1.022	364
20.761 ± 0.946	440
20.689 ± 0.969	374
20.71 ± 0.931	411
20.836 ± 1.019	425
20.84 ± 0.969	420
20.917 ± 0.995	293
20.812 ± 1.001	449
20.864 ± 0.967	390
20.843 ± 1.009	413
20.72 ± 1.013	417
20.836 ± 0.844	425
20.758 ± 0.996	436
20.798 ± 0.953	457
20.87 ± 1.061	379
20.881 ± 1.072	359
20.694 ± 0.939	385
20.845 ± 0.96	411
20.764 ± 0.827	442
20.717 ± 0.938	416
20.689 ± 0.935	374
20.551 ± 0.977	117
20.835 ± 0.864	426
20.713 ± 0.932	413
20.817 ± 1.02	446
20.847 ± 0.941	408
20.719 ± 0.937	417
20.774 ± 0.974	449
20.701 ± 0.975	397
20.809 ± 0.908	453
20.808 ± 0.958	454
