Mean ± SD	equalWith
1.096 ± 0.055	400
1.103 ± 0.054	184
1.101 ± 0.048	247
1.089 ± 0.053	427
1.088 ± 0.05	405
1.096 ± 0.053	400
1.084 ± 0.05	270
1.089 ± 0.05	427
1.095 ± 0.053	419
1.095 ± 0.055	419
1.111 ± 0.056	16
1.091 ± 0.057	449
1.095 ± 0.051	419
1.092 ± 0.048	449
1.093 ± 0.054	447
1.098 ± 0.051	344
1.096 ± 0.053	400
1.087 ± 0.055	373
1.086 ± 0.052	339
1.092 ± 0.046	449
1.094 ± 0.045	434
1.081 ± 0.054	164
1.095 ± 0.052	419
1.096 ± 0.049	400
1.092 ± 0.052	449
1.082 ± 0.049	202
1.096 ± 0.057	400
1.087 ± 0.053	373
1.088 ± 0.052	405
1.094 ± 0.056	434
1.098 ± 0.057	344
1.082 ± 0.054	202
1.082 ± 0.052	202
1.1 ± 0.063	284
1.085 ± 0.052	309
1.091 ± 0.048	449
1.087 ± 0.052	373
1.102 ± 0.053	214
1.098 ± 0.051	344
1.092 ± 0.049	449
1.09 ± 0.048	443
1.085 ± 0.048	309
1.094 ± 0.058	434
1.08 ± 0.052	140
1.088 ± 0.052	405
1.091 ± 0.055	449
1.1 ± 0.054	284
1.092 ± 0.053	449
1.088 ± 0.054	405
1.1 ± 0.056	284
1.086 ± 0.056	339
1.093 ± 0.049	447
1.091 ± 0.053	449
1.098 ± 0.058	344
1.098 ± 0.054	344
1.091 ± 0.055	449
1.092 ± 0.053	449
1.09 ± 0.049	443
1.096 ± 0.053	400
1.095 ± 0.05	419
1.103 ± 0.051	184
1.093 ± 0.057	447
1.094 ± 0.049	434
1.094 ± 0.046	434
1.087 ± 0.053	373
1.085 ± 0.056	309
1.087 ± 0.054	373
1.097 ± 0.056	365
1.088 ± 0.05	405
1.097 ± 0.061	365
1.082 ± 0.05	202
1.088 ± 0.049	405
1.089 ± 0.057	427
1.097 ± 0.046	365
1.097 ± 0.061	365
1.091 ± 0.051	449
1.099 ± 0.052	314
1.094 ± 0.057	434
1.095 ± 0.047	419
1.089 ± 0.048	427
1.098 ± 0.059	344
1.094 ± 0.05	434
1.085 ± 0.053	309
1.084 ± 0.059	270
1.087 ± 0.053	373
1.086 ± 0.053	339
1.086 ± 0.047	339
1.095 ± 0.053	419
1.095 ± 0.052	419
1.096 ± 0.051	400
1.087 ± 0.052	373
1.087 ± 0.054	373
1.104 ± 0.057	146
1.094 ± 0.049	434
1.092 ± 0.049	449
1.089 ± 0.05	427
1.093 ± 0.05	447
1.086 ± 0.048	339
1.091 ± 0.055	449
1.085 ± 0.054	309
1.084 ± 0.049	270
1.088 ± 0.05	405
1.095 ± 0.053	419
1.091 ± 0.059	449
1.087 ± 0.048	373
1.097 ± 0.049	365
1.092 ± 0.049	449
1.095 ± 0.053	419
1.091 ± 0.05	449
1.097 ± 0.049	365
1.095 ± 0.053	419
1.097 ± 0.054	365
1.091 ± 0.054	449
1.087 ± 0.063	373
1.089 ± 0.055	427
1.08 ± 0.05	140
1.09 ± 0.055	443
1.09 ± 0.054	443
1.096 ± 0.052	400
1.095 ± 0.055	419
1.085 ± 0.055	309
1.089 ± 0.048	427
1.086 ± 0.049	339
1.09 ± 0.055	443
1.087 ± 0.052	373
1.097 ± 0.054	365
1.087 ± 0.047	373
1.089 ± 0.052	427
1.086 ± 0.045	339
1.1 ± 0.057	284
1.084 ± 0.047	270
1.094 ± 0.046	434
1.089 ± 0.055	427
1.088 ± 0.052	405
1.092 ± 0.063	449
1.091 ± 0.046	449
1.094 ± 0.054	434
1.082 ± 0.053	202
1.094 ± 0.057	434
1.093 ± 0.064	447
1.09 ± 0.049	443
1.086 ± 0.054	339
1.095 ± 0.056	419
1.094 ± 0.055	434
1.096 ± 0.05	400
1.098 ± 0.054	344
1.084 ± 0.048	270
1.104 ± 0.053	146
1.09 ± 0.05	443
1.092 ± 0.054	449
1.101 ± 0.053	247
1.087 ± 0.054	373
1.087 ± 0.053	373
1.104 ± 0.054	146
1.096 ± 0.048	400
1.094 ± 0.058	434
1.092 ± 0.055	449
1.097 ± 0.055	365
1.09 ± 0.051	443
1.096 ± 0.057	400
1.087 ± 0.057	373
1.088 ± 0.049	405
1.091 ± 0.06	449
1.096 ± 0.051	400
1.095 ± 0.056	419
1.095 ± 0.058	419
1.092 ± 0.051	449
1.094 ± 0.054	434
1.085 ± 0.051	309
1.1 ± 0.057	284
1.091 ± 0.055	449
1.107 ± 0.067	60
1.101 ± 0.056	247
1.092 ± 0.051	449
1.095 ± 0.051	419
1.093 ± 0.053	447
1.093 ± 0.054	447
1.085 ± 0.055	309
1.097 ± 0.05	365
1.087 ± 0.049	373
1.095 ± 0.054	419
1.1 ± 0.047	284
1.088 ± 0.052	405
1.098 ± 0.051	344
1.091 ± 0.052	449
1.093 ± 0.056	447
1.095 ± 0.059	419
1.088 ± 0.051	405
1.081 ± 0.057	164
1.086 ± 0.059	339
1.091 ± 0.052	449
1.099 ± 0.054	314
1.098 ± 0.051	344
1.094 ± 0.055	434
1.087 ± 0.057	373
1.098 ± 0.048	344
1.094 ± 0.058	434
1.096 ± 0.053	400
1.091 ± 0.05	449
1.096 ± 0.055	400
1.094 ± 0.055	434
1.091 ± 0.057	449
1.107 ± 0.053	60
1.089 ± 0.053	427
1.089 ± 0.048	427
1.094 ± 0.057	434
1.087 ± 0.061	373
1.088 ± 0.049	405
1.094 ± 0.053	434
1.091 ± 0.053	449
1.092 ± 0.051	449
1.084 ± 0.06	270
1.089 ± 0.054	427
1.082 ± 0.046	202
1.1 ± 0.057	284
1.088 ± 0.053	405
1.086 ± 0.048	339
1.094 ± 0.05	434
1.088 ± 0.055	405
1.093 ± 0.055	447
1.088 ± 0.049	405
1.094 ± 0.056	434
1.098 ± 0.054	344
1.093 ± 0.052	447
1.09 ± 0.055	443
1.093 ± 0.054	447
1.096 ± 0.05	400
1.086 ± 0.058	339
1.088 ± 0.052	405
1.103 ± 0.058	184
1.09 ± 0.056	443
1.094 ± 0.056	434
1.099 ± 0.051	314
1.093 ± 0.051	447
1.09 ± 0.057	443
1.098 ± 0.051	344
1.086 ± 0.053	339
1.094 ± 0.061	434
1.085 ± 0.046	309
1.09 ± 0.051	443
1.089 ± 0.054	427
1.102 ± 0.058	214
1.093 ± 0.048	447
1.091 ± 0.052	449
1.095 ± 0.052	419
1.086 ± 0.052	339
1.085 ± 0.048	309
1.088 ± 0.043	405
1.091 ± 0.054	449
1.084 ± 0.053	270
1.091 ± 0.053	449
1.093 ± 0.047	447
1.097 ± 0.054	365
1.086 ± 0.053	339
1.082 ± 0.052	202
1.102 ± 0.057	214
1.091 ± 0.055	449
1.096 ± 0.051	400
1.098 ± 0.055	344
1.092 ± 0.055	449
1.091 ± 0.052	449
1.094 ± 0.052	434
1.091 ± 0.055	449
1.093 ± 0.056	447
1.092 ± 0.054	449
1.09 ± 0.057	443
1.093 ± 0.057	447
1.087 ± 0.056	373
1.087 ± 0.054	373
1.087 ± 0.055	373
1.101 ± 0.053	247
1.096 ± 0.058	400
1.096 ± 0.053	400
1.089 ± 0.058	427
1.089 ± 0.055	427
1.092 ± 0.057	449
1.089 ± 0.06	427
1.096 ± 0.058	400
1.089 ± 0.052	427
1.086 ± 0.051	339
1.094 ± 0.066	434
1.086 ± 0.046	339
1.082 ± 0.053	202
1.1 ± 0.05	284
1.092 ± 0.055	449
1.091 ± 0.054	449
1.091 ± 0.054	449
1.089 ± 0.056	427
1.088 ± 0.051	405
1.096 ± 0.05	400
1.092 ± 0.054	449
1.088 ± 0.051	405
1.093 ± 0.057	447
1.09 ± 0.053	443
1.095 ± 0.053	419
1.085 ± 0.051	309
1.089 ± 0.056	427
1.099 ± 0.056	314
1.087 ± 0.048	373
1.105 ± 0.059	111
1.088 ± 0.058	405
1.093 ± 0.053	447
1.095 ± 0.048	419
1.095 ± 0.05	419
1.093 ± 0.05	447
1.087 ± 0.052	373
1.093 ± 0.052	447
1.094 ± 0.049	434
1.081 ± 0.05	164
1.086 ± 0.052	339
1.08 ± 0.052	140
1.097 ± 0.054	365
1.096 ± 0.045	400
1.089 ± 0.056	427
1.095 ± 0.056	419
1.1 ± 0.051	284
1.091 ± 0.05	449
1.087 ± 0.05	373
1.094 ± 0.054	434
1.09 ± 0.054	443
1.092 ± 0.051	449
1.089 ± 0.048	427
1.093 ± 0.053	447
1.094 ± 0.051	434
1.097 ± 0.053	365
1.091 ± 0.048	449
1.084 ± 0.047	270
1.094 ± 0.052	434
1.105 ± 0.055	111
1.089 ± 0.048	427
1.087 ± 0.046	373
1.1 ± 0.054	284
1.082 ± 0.05	202
1.089 ± 0.043	427
1.088 ± 0.05	405
1.092 ± 0.051	449
1.1 ± 0.056	284
1.092 ± 0.054	449
1.097 ± 0.054	365
1.087 ± 0.052	373
1.098 ± 0.054	344
1.097 ± 0.052	365
1.096 ± 0.054	400
1.084 ± 0.051	270
1.095 ± 0.053	419
1.097 ± 0.056	365
1.099 ± 0.056	314
1.098 ± 0.051	344
1.091 ± 0.057	449
1.085 ± 0.051	309
1.096 ± 0.05	400
1.089 ± 0.064	427
1.087 ± 0.054	373
1.094 ± 0.055	434
1.098 ± 0.048	344
1.09 ± 0.051	443
1.095 ± 0.051	419
1.094 ± 0.051	434
1.091 ± 0.053	449
1.101 ± 0.051	247
1.084 ± 0.05	270
1.092 ± 0.05	449
1.094 ± 0.057	434
1.098 ± 0.048	344
1.093 ± 0.052	447
1.091 ± 0.062	449
1.097 ± 0.061	365
1.086 ± 0.045	339
1.085 ± 0.051	309
1.089 ± 0.049	427
1.085 ± 0.053	309
1.093 ± 0.047	447
1.099 ± 0.049	314
1.091 ± 0.048	449
1.093 ± 0.053	447
1.102 ± 0.052	214
1.093 ± 0.05	447
1.099 ± 0.051	314
1.097 ± 0.056	365
1.089 ± 0.05	427
1.096 ± 0.052	400
1.085 ± 0.05	309
1.102 ± 0.053	214
1.093 ± 0.05	447
1.089 ± 0.052	427
1.097 ± 0.059	365
1.094 ± 0.061	434
1.096 ± 0.052	400
1.093 ± 0.048	447
1.091 ± 0.051	449
1.097 ± 0.049	365
1.104 ± 0.046	146
1.092 ± 0.05	449
1.097 ± 0.05	365
1.093 ± 0.052	447
1.09 ± 0.051	443
1.086 ± 0.053	339
1.095 ± 0.052	419
1.086 ± 0.056	339
1.09 ± 0.055	443
1.088 ± 0.053	405
1.095 ± 0.055	419
1.094 ± 0.057	434
1.097 ± 0.054	365
1.098 ± 0.057	344
1.096 ± 0.053	400
1.082 ± 0.051	202
1.096 ± 0.054	400
1.089 ± 0.059	427
1.097 ± 0.062	365
1.092 ± 0.061	449
1.093 ± 0.057	447
1.093 ± 0.058	447
1.102 ± 0.052	214
1.09 ± 0.052	443
1.097 ± 0.058	365
1.092 ± 0.056	449
1.096 ± 0.056	400
1.08 ± 0.05	140
1.097 ± 0.055	365
1.097 ± 0.055	365
1.097 ± 0.054	365
1.099 ± 0.051	314
1.094 ± 0.052	434
1.107 ± 0.054	60
1.092 ± 0.059	449
1.086 ± 0.05	339
1.092 ± 0.052	449
1.091 ± 0.053	449
1.093 ± 0.05	447
1.085 ± 0.054	309
1.097 ± 0.052	365
1.098 ± 0.054	344
1.085 ± 0.042	309
1.091 ± 0.054	449
1.092 ± 0.057	449
1.09 ± 0.054	443
1.093 ± 0.051	447
1.087 ± 0.056	373
1.087 ± 0.057	373
1.095 ± 0.047	419
1.091 ± 0.052	449
1.099 ± 0.054	314
1.089 ± 0.05	427
1.091 ± 0.055	449
1.088 ± 0.054	405
1.09 ± 0.054	443
1.102 ± 0.052	214
1.093 ± 0.048	447
1.09 ± 0.049	443
1.094 ± 0.057	434
1.098 ± 0.051	344
1.1 ± 0.057	284
1.1 ± 0.053	284
1.09 ± 0.047	443
1.081 ± 0.048	164
1.092 ± 0.059	449
1.085 ± 0.049	309
1.092 ± 0.058	449
1.091 ± 0.045	449
1.095 ± 0.051	419
1.089 ± 0.056	427
1.097 ± 0.048	365
1.098 ± 0.058	344
1.092 ± 0.049	449
1.088 ± 0.051	405
1.083 ± 0.053	234
1.095 ± 0.059	419
1.085 ± 0.051	309
1.095 ± 0.059	419
1.083 ± 0.054	234
1.09 ± 0.052	443
1.093 ± 0.056	447
1.093 ± 0.053	447
1.087 ± 0.047	373
1.095 ± 0.048	419
1.088 ± 0.044	405
1.089 ± 0.052	427
1.089 ± 0.047	427
1.097 ± 0.053	365
1.098 ± 0.053	344
1.088 ± 0.054	405
1.097 ± 0.053	365
1.089 ± 0.051	427
1.09 ± 0.053	443
1.087 ± 0.05	373
1.08 ± 0.053	140
1.096 ± 0.045	400
1.096 ± 0.053	400
1.104 ± 0.057	146
1.093 ± 0.054	447
1.098 ± 0.06	344
1.094 ± 0.052	434
1.091 ± 0.056	449
1.098 ± 0.053	344
1.098 ± 0.056	344
1.096 ± 0.055	400
1.096 ± 0.056	400
1.088 ± 0.057	405
1.087 ± 0.054	373
