Mean ± SD	equalWith
0.162 ± 0.005	16
0.162 ± 0.005	16
0.161 ± 0.005	27
0.161 ± 0.005	27
0.161 ± 0.005	27
0.162 ± 0.006	16
0.161 ± 0.004	27
0.161 ± 0.005	27
0.161 ± 0.005	27
0.16 ± 0.005	7
0.16 ± 0.005	7
0.161 ± 0.004	27
0.16 ± 0.006	7
0.161 ± 0.004	27
0.161 ± 0.005	27
0.162 ± 0.005	16
0.161 ± 0.004	27
0.162 ± 0.005	16
0.161 ± 0.005	27
0.161 ± 0.005	27
0.161 ± 0.005	27
0.16 ± 0.005	7
0.162 ± 0.006	16
0.161 ± 0.005	27
0.16 ± 0.006	7
0.162 ± 0.005	16
0.161 ± 0.005	27
0.162 ± 0.004	16
0.161 ± 0.005	27
0.161 ± 0.004	27
0.161 ± 0.005	27
0.161 ± 0.005	27
0.161 ± 0.005	27
0.16 ± 0.005	7
0.162 ± 0.005	16
0.162 ± 0.005	16
0.161 ± 0.005	27
0.162 ± 0.005	16
0.162 ± 0.005	16
0.162 ± 0.005	16
0.162 ± 0.005	16
0.161 ± 0.005	27
0.161 ± 0.005	27
0.161 ± 0.005	27
0.16 ± 0.005	7
0.161 ± 0.005	27
0.162 ± 0.005	16
0.162 ± 0.006	16
0.161 ± 0.005	27
0.161 ± 0.005	27
