Mean ± SD	equalWith
52.937 ± 0.792	18
52.856 ± 0.752	34
52.622 ± 0.776	23
52.735 ± 0.676	45
52.632 ± 0.921	25
52.721 ± 0.804	42
52.852 ± 0.855	36
52.767 ± 0.799	46
52.806 ± 0.819	42
52.797 ± 0.805	42
52.841 ± 0.758	40
52.734 ± 0.779	45
52.782 ± 0.768	44
52.655 ± 0.771	31
52.873 ± 0.811	29
52.711 ± 0.781	40
52.73 ± 0.701	43
52.709 ± 0.853	39
52.761 ± 0.756	46
52.801 ± 0.887	41
52.643 ± 0.809	29
52.871 ± 0.85	29
52.718 ± 0.824	42
52.822 ± 0.695	41
52.753 ± 0.806	47
52.798 ± 0.824	41
52.733 ± 0.778	45
52.675 ± 0.737	35
52.728 ± 0.798	42
52.837 ± 0.786	42
52.738 ± 0.821	45
52.767 ± 0.805	46
52.641 ± 0.763	29
52.695 ± 0.859	37
52.702 ± 0.856	37
52.77 ± 0.865	45
52.777 ± 0.851	45
52.619 ± 0.837	22
52.754 ± 0.832	47
52.884 ± 0.807	28
52.666 ± 0.872	33
52.726 ± 0.815	42
52.895 ± 0.885	25
52.815 ± 0.776	41
52.806 ± 0.842	42
52.841 ± 0.772	40
52.957 ± 0.775	12
52.872 ± 0.851	29
52.742 ± 0.745	46
52.817 ± 0.819	41
