Mean ± SD	equalWith
1.04 ± 0.053	102
1.038 ± 0.048	105
1.033 ± 0.049	90
1.043 ± 0.053	91
1.04 ± 0.055	102
1.045 ± 0.053	83
1.028 ± 0.047	39
1.041 ± 0.05	101
1.036 ± 0.049	99
1.039 ± 0.052	101
1.032 ± 0.049	80
1.042 ± 0.044	96
1.028 ± 0.051	39
1.039 ± 0.054	101
1.05 ± 0.059	34
1.041 ± 0.055	101
1.037 ± 0.051	102
1.048 ± 0.05	58
1.036 ± 0.05	99
1.05 ± 0.048	34
1.041 ± 0.053	101
1.044 ± 0.052	88
1.043 ± 0.049	91
1.04 ± 0.052	102
1.045 ± 0.057	83
1.031 ± 0.05	65
1.04 ± 0.05	102
1.041 ± 0.051	101
1.04 ± 0.052	102
1.039 ± 0.047	101
1.045 ± 0.051	83
1.03 ± 0.054	49
1.03 ± 0.052	49
1.038 ± 0.05	105
1.033 ± 0.05	90
1.042 ± 0.057	96
1.042 ± 0.054	96
1.047 ± 0.055	67
1.036 ± 0.054	99
1.035 ± 0.05	98
1.04 ± 0.052	102
1.029 ± 0.056	42
1.031 ± 0.046	65
1.043 ± 0.056	91
1.039 ± 0.052	101
1.034 ± 0.048	92
1.041 ± 0.052	101
1.043 ± 0.049	91
1.026 ± 0.046	21
1.03 ± 0.051	49
1.05 ± 0.05	34
1.032 ± 0.048	80
1.052 ± 0.047	23
1.046 ± 0.049	72
1.041 ± 0.057	101
1.038 ± 0.045	105
1.041 ± 0.051	101
1.041 ± 0.054	101
1.043 ± 0.053	91
1.04 ± 0.055	102
1.038 ± 0.05	105
1.034 ± 0.047	92
1.04 ± 0.049	102
1.038 ± 0.047	105
1.039 ± 0.051	101
1.039 ± 0.057	101
1.049 ± 0.054	45
1.034 ± 0.055	92
1.05 ± 0.055	34
1.039 ± 0.057	101
1.049 ± 0.056	45
1.035 ± 0.05	98
1.038 ± 0.053	105
1.032 ± 0.054	80
1.035 ± 0.048	98
1.049 ± 0.055	45
1.047 ± 0.054	67
1.04 ± 0.05	102
1.046 ± 0.056	72
1.039 ± 0.049	101
1.045 ± 0.05	83
1.034 ± 0.047	92
1.042 ± 0.058	96
1.034 ± 0.051	92
1.041 ± 0.056	101
1.036 ± 0.05	99
1.052 ± 0.047	23
1.039 ± 0.05	101
1.036 ± 0.057	99
1.037 ± 0.046	102
1.036 ± 0.05	99
1.038 ± 0.046	105
1.034 ± 0.048	92
1.034 ± 0.049	92
1.041 ± 0.054	101
1.037 ± 0.051	102
1.04 ± 0.055	102
1.039 ± 0.052	101
1.038 ± 0.052	105
1.034 ± 0.054	92
1.051 ± 0.047	29
1.04 ± 0.049	102
1.04 ± 0.049	102
1.047 ± 0.056	67
1.033 ± 0.047	90
1.036 ± 0.057	99
1.04 ± 0.047	102
1.035 ± 0.046	98
1.032 ± 0.052	80
1.04 ± 0.054	102
1.042 ± 0.049	96
1.036 ± 0.054	99
1.034 ± 0.05	92
1.038 ± 0.048	105
1.036 ± 0.055	99
1.037 ± 0.053	102
1.044 ± 0.06	88
1.039 ± 0.049	101
1.04 ± 0.053	102
1.035 ± 0.054	98
