Mean ± SD	equalWith
24.485 ± 1.151	113
24.396 ± 1.024	102
24.568 ± 1.075	94
24.491 ± 1.049	113
24.505 ± 1.056	112
24.404 ± 1.173	105
24.474 ± 1.097	112
24.488 ± 1.066	113
24.548 ± 1.026	100
24.6 ± 1.158	85
24.651 ± 1.134	64
24.436 ± 1.037	109
24.476 ± 1.002	112
24.522 ± 1.044	107
24.373 ± 1.128	97
24.615 ± 1.099	78
24.374 ± 0.931	97
24.31 ± 0.914	64
24.332 ± 1.092	79
24.307 ± 1.108	61
24.607 ± 0.974	81
24.497 ± 0.972	112
24.517 ± 1.116	107
24.359 ± 1.011	91
24.321 ± 0.894	74
24.407 ± 1.006	105
24.572 ± 1.023	93
24.491 ± 0.845	113
24.53 ± 1.074	103
24.465 ± 0.986	112
24.3 ± 1.067	55
24.66 ± 1.093	54
24.405 ± 1.101	105
24.557 ± 1.298	99
24.53 ± 1.008	103
24.491 ± 1.094	113
24.443 ± 1.007	110
24.425 ± 1.055	108
24.455 ± 1.1	110
24.485 ± 1.039	113
24.644 ± 1.099	65
24.585 ± 1.024	91
24.652 ± 1.11	62
24.482 ± 0.972	113
24.559 ± 1.056	99
24.438 ± 1.007	110
24.463 ± 0.967	112
24.385 ± 1.076	100
24.486 ± 1.021	113
24.607 ± 1.023	81
24.443 ± 1.1	110
24.521 ± 1.133	107
24.304 ± 1.082	59
24.382 ± 1.036	99
24.45 ± 0.999	110
24.311 ± 1.104	65
24.409 ± 1.049	106
24.529 ± 0.907	104
24.564 ± 0.965	96
24.534 ± 1.094	102
24.357 ± 0.962	91
24.574 ± 0.963	93
24.478 ± 1.032	112
24.467 ± 1.035	112
24.52 ± 1.059	107
24.476 ± 1.144	112
24.359 ± 1.205	91
24.483 ± 1.038	113
24.297 ± 1.062	52
24.454 ± 0.945	110
24.418 ± 1.101	108
24.335 ± 1.027	81
24.389 ± 1.081	100
24.523 ± 1.021	107
24.482 ± 1.067	113
24.367 ± 0.98	95
24.541 ± 1.057	102
24.534 ± 1.208	102
24.377 ± 0.996	97
24.465 ± 1.0	112
24.449 ± 1.05	110
24.641 ± 1.025	67
24.539 ± 1.016	102
24.635 ± 0.955	70
24.645 ± 0.971	65
24.57 ± 1.047	93
24.37 ± 1.069	95
24.344 ± 1.027	84
24.422 ± 1.059	108
24.425 ± 1.073	108
24.343 ± 1.14	84
24.364 ± 0.962	93
24.49 ± 1.121	113
24.491 ± 0.965	113
24.503 ± 1.051	112
24.405 ± 1.124	105
24.461 ± 1.147	111
24.415 ± 1.04	108
24.505 ± 1.164	112
24.487 ± 1.018	113
24.418 ± 1.033	108
24.338 ± 1.024	83
24.474 ± 1.114	112
24.514 ± 1.101	109
24.5 ± 1.149	112
24.53 ± 0.999	103
24.519 ± 1.108	107
24.55 ± 1.073	100
24.637 ± 1.096	70
24.537 ± 1.053	102
24.403 ± 0.972	104
24.505 ± 1.144	112
24.52 ± 0.991	107
24.286 ± 0.959	47
24.453 ± 1.031	110
24.595 ± 1.211	87
24.49 ± 1.131	113
24.689 ± 1.195	42
24.499 ± 1.096	112
24.468 ± 1.018	113
