Mean ± SD	equalWith
0.518 ± 0.021	37
0.519 ± 0.021	39
0.517 ± 0.022	32
0.519 ± 0.018	39
0.517 ± 0.023	32
0.52 ± 0.023	42
0.52 ± 0.02	42
0.523 ± 0.024	28
0.523 ± 0.023	28
0.521 ± 0.02	39
0.518 ± 0.021	37
0.523 ± 0.024	28
0.518 ± 0.024	37
0.517 ± 0.019	32
0.52 ± 0.025	42
0.521 ± 0.022	39
0.516 ± 0.024	21
0.52 ± 0.024	42
0.52 ± 0.023	42
0.514 ± 0.02	8
0.523 ± 0.02	28
0.523 ± 0.022	28
0.52 ± 0.021	42
0.522 ± 0.024	33
0.52 ± 0.021	42
0.519 ± 0.021	39
0.521 ± 0.024	39
0.522 ± 0.021	33
0.521 ± 0.024	39
0.516 ± 0.022	21
0.525 ± 0.023	10
0.52 ± 0.023	42
0.52 ± 0.022	42
0.52 ± 0.026	42
0.524 ± 0.019	18
0.517 ± 0.021	32
0.518 ± 0.022	37
0.519 ± 0.023	39
0.519 ± 0.023	39
0.518 ± 0.022	37
0.524 ± 0.021	18
0.521 ± 0.02	39
0.517 ± 0.023	32
0.518 ± 0.021	37
0.52 ± 0.02	42
0.52 ± 0.02	42
0.521 ± 0.024	39
0.519 ± 0.022	39
