Mean ± SD	equalWith
37.049 ± 1.157	41
37.192 ± 1.012	35
37.13 ± 1.012	39
37.188 ± 1.051	36
37.118 ± 0.968	40
37.16 ± 0.969	38
37.104 ± 1.013	41
36.848 ± 0.956	13
37.253 ± 0.981	27
36.957 ± 0.993	27
37.042 ± 1.007	40
37.2 ± 0.991	33
36.973 ± 0.974	29
37.169 ± 1.005	38
37.151 ± 0.946	38
37.023 ± 0.926	38
37.32 ± 1.104	15
37.096 ± 0.947	43
36.946 ± 1.014	26
37.121 ± 1.008	40
36.996 ± 1.115	34
37.017 ± 1.038	38
36.992 ± 0.927	33
37.154 ± 1.006	38
37.024 ± 1.085	39
37.143 ± 0.991	39
37.066 ± 1.123	41
37.054 ± 0.929	41
36.885 ± 1.004	18
37.212 ± 0.972	31
37.141 ± 0.953	39
37.059 ± 0.827	41
37.204 ± 0.957	33
37.366 ± 0.955	6
37.063 ± 1.02	41
36.934 ± 0.982	22
36.923 ± 1.072	22
37.111 ± 1.001	41
37.048 ± 1.013	41
37.09 ± 1.134	42
37.008 ± 1.123	36
37.186 ± 1.055	36
37.151 ± 0.907	38
37.246 ± 0.957	28
37.118 ± 1.055	40
36.887 ± 0.909	18
37.211 ± 1.078	31
37.165 ± 1.085	38
